Camera Parameters for RGB_4:

Camera matrix:
[[1.74707536e+03 0.00000000e+00 3.86876847e+02]
 [0.00000000e+00 1.76066131e+03 4.15671241e+02]
 [0.00000000e+00 0.00000000e+00 1.00000000e+00]]

Distortion coefficients:
[[-1.03165320e-01  4.16469979e+00  2.29112103e-04 -6.20839268e-04
  -1.21482260e+02]]

Rotation Vectors:
(array([[-0.83348045],
       [ 0.02859018],
       [-2.98330043]]), array([[-0.86472193],
       [ 0.02340881],
       [-2.95627176]]), array([[-0.93274593],
       [ 0.00865946],
       [-2.93659274]]), array([[-0.92045063],
       [ 0.01787817],
       [-2.92692188]]), array([[-0.91249262],
       [ 0.0304735 ],
       [-2.93020443]]), array([[-0.89957373],
       [ 0.04341917],
       [-2.93124095]]), array([[-0.90852996],
       [ 0.07224793],
       [-2.92769069]]), array([[-0.90283836],
       [ 0.08339777],
       [-2.9246695 ]]), array([[-1.19222046],
       [ 0.01679694],
       [-2.7752516 ]]), array([[-0.83753133],
       [ 0.2650849 ],
       [-2.90696132]]), array([[ 0.84028477],
       [-0.05403239],
       [ 2.9976531 ]]), array([[0.8526143 ],
       [0.35043308],
       [2.86881896]]), array([[-0.90677705],
       [ 0.09046319],
       [-2.99965684]]), array([[-0.91137386],
       [-0.0482693 ],
       [-2.95740013]]), array([[-0.91980531],
       [-0.03375026],
       [-2.95405927]]), array([[-0.94459103],
       [-0.06770927],
       [-2.96566657]]), array([[-1.14556808],
       [-0.11501104],
       [-2.88323862]]), array([[1.06400151],
       [0.0136086 ],
       [2.9549259 ]]), array([[ 1.00583339],
       [-0.03268161],
       [ 2.96638907]]), array([[-0.93561731],
       [-0.08954165],
       [-2.94246485]]), array([[-0.93089544],
       [-0.02561332],
       [-2.97863807]]), array([[-0.92849228],
       [ 0.00946114],
       [-2.98557296]]), array([[-0.92567249],
       [ 0.03343687],
       [-2.99117379]]), array([[ 0.94747612],
       [-0.02461339],
       [ 2.99781914]]), array([[-9.25812463e-01],
       [ 1.26498787e-03],
       [-2.97239911e+00]]), array([[-0.96153561],
       [ 0.02941587],
       [-2.94805496]]), array([[-0.93546512],
       [ 0.02374165],
       [-2.97904379]]), array([[-0.93627151],
       [ 0.00350226],
       [-2.97267226]]))

Translation Vectors:
(array([[ 5.26271519],
       [ 3.9019628 ],
       [57.22118389]]), array([[ 4.85640115],
       [ 4.55765185],
       [57.07434685]]), array([[ 4.64336319],
       [ 4.86626931],
       [57.11332287]]), array([[ 4.80560284],
       [ 5.21902595],
       [57.04718971]]), array([[ 4.74638827],
       [ 5.39406227],
       [57.0322314 ]]), array([[ 4.72077038],
       [ 5.51897945],
       [56.93074145]]), array([[ 4.59818438],
       [ 5.63228749],
       [56.88882429]]), array([[ 4.5320415 ],
       [ 5.87341519],
       [56.64119814]]), array([[ 4.96443042],
       [ 6.60186295],
       [55.26876447]]), array([[ 4.96363639],
       [ 4.33693311],
       [54.00459887]]), array([[ 3.66116791],
       [ 3.79308166],
       [56.48734843]]), array([[ 5.80745238],
       [ 4.85109254],
       [55.60958886]]), array([[ 6.2488779 ],
       [ 6.22767772],
       [65.89830341]]), array([[ 3.83438768],
       [ 6.21432576],
       [62.27335069]]), array([[ 3.32106428],
       [ 5.4415736 ],
       [61.13016383]]), array([[ 2.58496947],
       [ 5.68898554],
       [61.38608288]]), array([[ 3.08409406],
       [ 4.04947402],
       [59.26166182]]), array([[ 3.00042323],
       [ 2.37353173],
       [58.619357  ]]), array([[ 3.55857745],
       [ 1.90243309],
       [57.84466098]]), array([[ 2.37878434],
       [ 1.49792255],
       [56.29331322]]), array([[ 1.95233181],
       [ 1.85736103],
       [55.74010061]]), array([[ 2.04338316],
       [ 1.79641386],
       [55.26442436]]), array([[ 1.73145672],
       [ 1.6475658 ],
       [55.06491151]]), array([[ 1.03535398],
       [ 1.30816968],
       [55.51834271]]), array([[ 0.71320441],
       [ 1.52769866],
       [55.49341017]]), array([[ 0.41747731],
       [ 1.75268698],
       [55.4747236 ]]), array([[ 0.06253061],
       [ 1.62935948],
       [56.30426365]]), array([[-0.10125137],
       [ 1.42728718],
       [56.95397463]]))
