Camera Parameters for RGB_2:

Camera matrix:
[[1.66446373e+03 0.00000000e+00 4.11654226e+02]
 [0.00000000e+00 1.69228265e+03 3.40927822e+02]
 [0.00000000e+00 0.00000000e+00 1.00000000e+00]]

Distortion coefficients:
[[-1.35174675e-01  3.40134750e+00  9.86715026e-03  5.01239975e-04
  -4.57912478e+01]]

Rotation Vectors:
(array([[ 0.08002883],
       [ 0.96594846],
       [-2.95360334]]), array([[ 0.05472182],
       [ 0.94864543],
       [-2.93701841]]), array([[-0.00935253],
       [ 0.93329211],
       [-2.93201463]]), array([[ 2.77076099e-03],
       [ 9.33506710e-01],
       [-2.91994347e+00]]), array([[ 0.01133429],
       [ 0.9439435 ],
       [-2.91675885]]), array([[ 0.02639778],
       [ 0.95339631],
       [-2.91082008]]), array([[ 0.02138772],
       [ 0.97541618],
       [-2.896433  ]]), array([[ 0.02687127],
       [ 0.98235844],
       [-2.88839001]]), array([[-0.23941434],
       [ 0.8740137 ],
       [-2.8214091 ]]), array([[-0.04513139],
       [-1.01724887],
       [ 2.94198125]]), array([[ 0.07401269],
       [-0.6702613 ],
       [ 2.87973667]]), array([[ 0.00812973],
       [ 1.03345149],
       [-2.94365671]]), array([[-5.35295392e-04],
       [ 8.98486279e-01],
       [-2.97116542e+00]]), array([[-0.00587921],
       [ 0.90989415],
       [-2.96274647]]), array([[-0.03546018],
       [ 0.89390467],
       [-2.9877187 ]]), array([[-0.22185457],
       [ 0.8328981 ],
       [-2.9564936 ]]), array([[-0.14632103],
       [ 0.94898511],
       [-2.96308451]]), array([[-0.09572494],
       [ 0.99667993],
       [-2.96049442]]), array([[-0.02368206],
       [ 0.86169141],
       [-2.97930341]]), array([[-0.01882337],
       [ 0.93476003],
       [-2.97831388]]), array([[-0.01390052],
       [ 0.96812164],
       [-2.96799379]]), array([[-0.01002517],
       [ 0.98933325],
       [-2.96191948]]), array([[-0.03136716],
       [ 0.98680624],
       [-2.96794432]]), array([[-0.01083378],
       [ 0.95131343],
       [-2.96192692]]), array([[-0.03928872],
       [ 0.96367857],
       [-2.93266381]]), array([[-0.01965033],
       [ 0.97572888],
       [-2.95699343]]), array([[-0.02029763],
       [ 0.95418223],
       [-2.96160173]]))

Translation Vectors:
(array([[ 8.88298628],
       [ 6.09871125],
       [63.8158992 ]]), array([[ 8.62690943],
       [ 6.81697218],
       [63.93804716]]), array([[ 8.42791775],
       [ 7.11772373],
       [64.0833539 ]]), array([[ 8.60107496],
       [ 7.38090344],
       [64.27354795]]), array([[ 8.55672557],
       [ 7.54427262],
       [64.35517894]]), array([[ 8.59912487],
       [ 7.70595765],
       [64.34204867]]), array([[ 8.50234948],
       [ 7.83564784],
       [64.35353526]]), array([[ 8.59188457],
       [ 8.17087199],
       [64.30324432]]), array([[ 9.74205786],
       [ 9.28308622],
       [64.21829578]]), array([[ 7.97093125],
       [ 6.83303716],
       [62.65808763]]), array([[10.20524461],
       [ 7.41062637],
       [63.64602986]]), array([[ 4.89833927],
       [ 3.73751928],
       [71.08426988]]), array([[ 4.91335251],
       [ 6.11760731],
       [67.73145323]]), array([[ 5.1131991 ],
       [ 6.15767443],
       [66.34976082]]), array([[ 4.37919946],
       [ 6.48355617],
       [66.34665594]]), array([[ 5.95115494],
       [ 5.94898094],
       [64.40581375]]), array([[ 6.23198373],
       [ 4.92111428],
       [62.87702685]]), array([[ 7.12459707],
       [ 4.7207727 ],
       [62.32467432]]), array([[ 6.99647965],
       [ 5.45214377],
       [60.64252295]]), array([[ 6.95116894],
       [ 6.12856407],
       [60.30317821]]), array([[ 7.29292602],
       [ 6.26173197],
       [59.98117782]]), array([[ 7.13940755],
       [ 6.32600693],
       [59.66387729]]), array([[ 6.31605551],
       [ 6.06139225],
       [59.43243519]]), array([[ 6.06092823],
       [ 6.34912525],
       [59.43160088]]), array([[ 5.81881961],
       [ 6.62247616],
       [59.40586952]]), array([[ 5.06846093],
       [ 6.25826626],
       [59.70357368]]), array([[ 4.57329518],
       [ 5.85272305],
       [59.94931696]]))
