Camera Parameters for RGB_3:

Camera matrix:
[[1.71139149e+03 0.00000000e+00 3.90292397e+02]
 [0.00000000e+00 1.73848851e+03 4.69921356e+02]
 [0.00000000e+00 0.00000000e+00 1.00000000e+00]]

Distortion coefficients:
[[-7.86787294e-02  2.55892518e+00 -7.74657200e-03  4.43898285e-04
  -2.94770402e+01]]

Rotation Vectors:
(array([[ 0.03388081],
       [-0.90334474],
       [-2.93726955]]), array([[-0.0065659 ],
       [-0.91243289],
       [-2.92598027]]), array([[-0.06671695],
       [-0.93030078],
       [-2.93677637]]), array([[-0.06602675],
       [-0.92137678],
       [-2.92361544]]), array([[-0.05867831],
       [-0.90914585],
       [-2.92438594]]), array([[-0.04925395],
       [-0.89839123],
       [-2.92046727]]), array([[-0.06018305],
       [-0.87325899],
       [-2.92416475]]), array([[-0.05948165],
       [-0.86393773],
       [-2.9197878 ]]), array([[-0.36667212],
       [-0.93776553],
       [-2.90953158]]), array([[-0.03447026],
       [-0.69819845],
       [-2.89447233]]), array([[-0.0153603 ],
       [-0.84807309],
       [-2.99182077]]), array([[-0.03476527],
       [-0.97904257],
       [-2.94109118]]), array([[-0.04400301],
       [-0.96559928],
       [-2.94330417]]), array([[-0.05264546],
       [-0.99686047],
       [-2.96127667]]), array([[0.24666891],
       [1.03579521],
       [2.93146339]]), array([[0.14674246],
       [0.93479569],
       [2.97329988]]), array([[0.0949804 ],
       [0.89732034],
       [2.99848671]]), array([[-0.05645059],
       [-1.01813612],
       [-2.93393898]]), array([[-0.03484889],
       [-0.95521961],
       [-2.97141981]]), array([[-0.03170036],
       [-0.92244904],
       [-2.97987616]]), array([[-0.02793327],
       [-0.90009477],
       [-2.98613046]]), array([[-0.04096453],
       [-0.91014017],
       [-2.99557609]]), array([[-0.03830332],
       [-0.93316458],
       [-2.96523583]]), array([[-0.08165787],
       [-0.91179678],
       [-2.96229453]]), array([[-0.04305566],
       [-0.91152826],
       [-2.97843115]]), array([[-0.04576913],
       [-0.93287589],
       [-2.97038109]]))

Translation Vectors:
(array([[ 9.76422676],
       [ 3.30389319],
       [57.99318102]]), array([[ 9.50416315],
       [ 3.65858844],
       [57.35618433]]), array([[ 9.29143158],
       [ 3.8642293 ],
       [57.10556696]]), array([[ 9.46363523],
       [ 4.17666683],
       [56.95907965]]), array([[ 9.41676365],
       [ 4.30207821],
       [56.83230653]]), array([[ 9.46075666],
       [ 4.34194669],
       [56.65207957]]), array([[ 9.36221467],
       [ 4.39676967],
       [56.53394924]]), array([[ 9.44788813],
       [ 4.46235634],
       [56.18806051]]), array([[10.59366854],
       [ 4.60270291],
       [55.21436187]]), array([[11.30197011],
       [ 2.20384313],
       [55.57563046]]), array([[ 5.75348723],
       [ 9.28793195],
       [62.72398801]]), array([[ 5.76896876],
       [ 6.95795417],
       [59.32385968]]), array([[ 5.98883948],
       [ 5.68192873],
       [58.82235729]]), array([[ 5.25119072],
       [ 5.752179  ],
       [58.46663921]]), array([[ 6.82291304],
       [ 3.65731105],
       [58.34246146]]), array([[ 7.15002574],
       [ 1.96326325],
       [58.81134974]]), array([[ 8.03498049],
       [ 1.4004218 ],
       [58.78019826]]), array([[7.91741213e+00],
       [5.17679143e-02],
       [5.75025241e+01]]), array([[ 7.87997498e+00],
       [-2.28631009e-02],
       [ 5.67587938e+01]]), array([[ 8.2113244 ],
       [-0.2566224 ],
       [56.53217691]]), array([[ 8.065108  ],
       [-0.55660111],
       [56.3447686 ]]), array([[ 7.24670408],
       [-0.85542245],
       [56.51441677]]), array([[ 6.9813563 ],
       [-0.77831117],
       [56.23803885]]), array([[ 6.74791258],
       [-0.68711794],
       [55.98270937]]), array([[ 5.99680413],
       [-0.53990813],
       [56.43336471]]), array([[ 5.49989427],
       [-0.47880348],
       [56.88868118]]))
