Camera Parameters for RGB_1:

Camera matrix:
[[1.76340619e+03 0.00000000e+00 5.52681905e+02]
 [0.00000000e+00 1.76342705e+03 5.18437479e+02]
 [0.00000000e+00 0.00000000e+00 1.00000000e+00]]

Distortion coefficients:
[[-1.11778895e-01  3.95400844e-01  5.52949400e-04  8.09433736e-05
  -3.19882959e+00]]

Rotation Vectors:
(array([[ 0.12013437],
       [ 0.08843223],
       [-3.07826715]]), array([[ 0.08757955],
       [ 0.07374773],
       [-3.06357953]]), array([[ 0.01843233],
       [ 0.0559605 ],
       [-3.06811351]]), array([[ 0.02424156],
       [ 0.05955778],
       [-3.05412359]]), array([[ 0.03521719],
       [ 0.06919564],
       [-3.05206644]]), array([[ 0.04709502],
       [ 0.0807896 ],
       [-3.04665349]]), array([[ 0.03887389],
       [ 0.10558742],
       [-3.03993249]]), array([[ 0.04209479],
       [ 0.11508534],
       [-3.03324248]]), array([[-0.2687435 ],
       [ 0.03086261],
       [-2.99258643]]), array([[ 0.09886137],
       [ 0.26221207],
       [-2.96250382]]), array([[-0.11902879],
       [-0.14906099],
       [ 3.13218147]]), array([[-0.06707278],
       [ 0.19042967],
       [ 2.95382826]]), array([[ 0.05961039],
       [ 0.15356888],
       [-3.10048837]]), array([[ 0.04099021],
       [ 0.01091   ],
       [-3.0931643 ]]), array([[ 0.0332576 ],
       [ 0.02636065],
       [-3.0893146 ]]), array([[ 1.47245455e-02],
       [ 2.47215819e-03],
       [-3.11397043e+00]]), array([[-0.19677068],
       [-0.05192915],
       [-3.10594207]]), array([[-0.09988344],
       [ 0.06240591],
       [-3.12747846]]), array([[-0.04160251],
       [ 0.11257311],
       [-3.12689884]]), array([[ 0.01803849],
       [-0.03081363],
       [-3.09532806]]), array([[ 0.03005022],
       [ 0.04454844],
       [-3.11289232]]), array([[ 0.03418112],
       [ 0.07957214],
       [-3.11082429]]), array([[ 0.03912059],
       [ 0.10829872],
       [-3.10980065]]), array([[ 0.02206856],
       [ 0.10139727],
       [-3.11906197]]), array([[ 0.03543325],
       [ 0.06969982],
       [-3.09986762]]), array([[-0.0064954 ],
       [ 0.08863707],
       [-3.08202457]]), array([[ 0.02814121],
       [ 0.09081999],
       [-3.1040185 ]]), array([[ 0.02470865],
       [ 0.06823955],
       [-3.10285828]]))

Translation Vectors:
(array([[ 2.86431642],
       [ 2.72396249],
       [55.97612317]]), array([[ 2.61221552],
       [ 3.39284232],
       [55.67773443]]), array([[ 2.41447094],
       [ 3.70161474],
       [55.58049276]]), array([[ 2.58083191],
       [ 4.0538538 ],
       [55.62793321]]), array([[ 2.53273089],
       [ 4.23078523],
       [55.60552494]]), array([[ 2.58157545],
       [ 4.36106425],
       [55.50194844]]), array([[ 2.48483112],
       [ 4.47782351],
       [55.43765569]]), array([[ 2.57987524],
       [ 4.73237178],
       [55.20228134]]), array([[ 3.72934883],
       [ 5.51646588],
       [54.39605686]]), array([[ 4.48634853],
       [ 3.31597632],
       [53.33092033]]), array([[ 2.01007091],
       [ 2.68206523],
       [54.47802753]]), array([[ 4.2095577 ],
       [ 3.74165444],
       [55.11218384]]), array([[-1.45024445],
       [ 4.63385934],
       [63.49214691]]), array([[-1.26620451],
       [ 4.82610495],
       [59.22963892]]), array([[-1.00620176],
       [ 4.11729255],
       [58.01097172]]), array([[-1.73633047],
       [ 4.3631909 ],
       [57.7913143 ]]), array([[-0.07845386],
       [ 2.80792129],
       [56.35043959]]), array([[ 0.25139808],
       [ 1.17404064],
       [55.69817525]]), array([[ 1.16460516],
       [ 0.72857541],
       [55.38979352]]), array([[ 1.11614697],
       [ 0.41672054],
       [53.48930538]]), array([[ 1.0950151 ],
       [ 0.80749331],
       [52.81732823]]), array([[ 1.44992597],
       [ 0.76643744],
       [52.48280244]]), array([[ 1.31157086],
       [ 0.63030827],
       [52.15756895]]), array([[ 0.49451176],
       [ 0.28322649],
       [52.10342112]]), array([[ 0.24164162],
       [ 0.5084349 ],
       [51.91476083]]), array([[6.03723939e-03],
       [7.37654832e-01],
       [5.17315867e+01]]), array([[-0.75975973],
       [ 0.58263998],
       [52.17805124]]), array([[-1.26867567],
       [ 0.3548165 ],
       [52.56019902]]))
