Camera Parameters for RGB_5:

Camera matrix:
[[1.76132430e+03 0.00000000e+00 4.17724726e+02]
 [0.00000000e+00 1.76530518e+03 4.02536781e+02]
 [0.00000000e+00 0.00000000e+00 1.00000000e+00]]

Distortion coefficients:
[[ 2.56218404e-02 -8.83306002e+00  5.56089453e-04  5.94765157e-03
   2.96438790e+02]]

Rotation Vectors:
(array([[ 1.12577678],
       [ 0.00800159],
       [-2.90545544]]), array([[ 1.08729719],
       [-0.0118356 ],
       [-2.90689109]]), array([[ 1.0227692 ],
       [-0.02147055],
       [-2.93664042]]), array([[ 1.02673714],
       [-0.02511038],
       [-2.92054401]]), array([[ 1.03333285],
       [-0.01642784],
       [-2.91386729]]), array([[ 1.04302326],
       [-0.00648421],
       [-2.90259309]]), array([[ 1.03229441],
       [ 0.01520449],
       [-2.894623  ]]), array([[ 1.03281647],
       [ 0.0198575 ],
       [-2.88605737]]), array([[ 0.72161941],
       [-0.06737537],
       [-2.96886755]]), array([[-1.12275235],
       [-0.0940289 ],
       [ 2.90751856]]), array([[-1.0546452 ],
       [ 0.05351382],
       [ 2.95780194]]), array([[ 1.04629398],
       [-0.04355618],
       [-2.9565552 ]]), array([[-1.02044242],
       [ 0.05180486],
       [ 2.94662371]]), array([[-0.81208745],
       [ 0.09612496],
       [ 2.99889397]]), array([[-0.9120238 ],
       [-0.01861628],
       [ 2.97971054]]), array([[-0.97140622],
       [-0.06152752],
       [ 2.97158475]]), array([[-1.02799906],
       [ 0.09289822],
       [ 2.95463852]]), array([[-1.04384443],
       [ 0.01158816],
       [ 2.94934325]]), array([[-1.05064632],
       [-0.02118765],
       [ 2.95602108]]), array([[ 1.05632089],
       [ 0.04364808],
       [-2.9575204 ]]), array([[-1.03540373],
       [-0.04392253],
       [ 2.95645542]]), array([[ 1.04962388e+00],
       [ 1.90157348e-03],
       [-2.95750254e+00]]), array([[ 1.00522182],
       [ 0.0133093 ],
       [-2.95119902]]), array([[ 1.04251532],
       [ 0.02808716],
       [-2.95909561]]), array([[ 1.04065022],
       [ 0.00619926],
       [-2.96311819]]))

Translation Vectors:
(array([[ 5.02060299],
       [ 2.56315792],
       [67.62074687]]), array([[ 5.05117738],
       [ 3.22868059],
       [67.20318298]]), array([[ 4.95690466],
       [ 3.54240984],
       [67.01895912]]), array([[ 5.07129543],
       [ 3.88839963],
       [67.15650617]]), array([[ 5.0646601 ],
       [ 4.06780937],
       [67.10778332]]), array([[ 5.17058897],
       [ 4.19109205],
       [67.05143191]]), array([[ 5.14089691],
       [ 4.30818462],
       [66.92367513]]), array([[ 5.37547532],
       [ 4.55108123],
       [66.81928172]]), array([[ 6.82349203],
       [ 5.25898425],
       [66.87854199]]), array([[ 5.26880617],
       [ 2.48863516],
       [65.87847581]]), array([[-0.14421032],
       [ 4.94199028],
       [67.68273626]]), array([[ 0.77494716],
       [ 4.17610699],
       [66.85782431]]), array([[ 0.35862065],
       [ 4.44304392],
       [66.23913374]]), array([[ 2.44899053],
       [ 2.77028758],
       [66.10452179]]), array([[ 3.04567469],
       [ 1.1030306 ],
       [65.80720614]]), array([[ 3.93768278],
       [ 0.61501951],
       [66.10401744]]), array([[ 5.05140923],
       [ 0.23376199],
       [64.56833533]]), array([[ 5.46782278],
       [ 0.60115277],
       [64.00670744]]), array([[ 5.95183004],
       [ 0.53300495],
       [63.96769388]]), array([[ 6.04278611],
       [ 0.39053825],
       [63.61339438]]), array([[ 5.42257186],
       [ 0.07217087],
       [63.07043699]]), array([[ 5.34993527],
       [ 0.30107934],
       [62.76140095]]), array([[ 5.27563263],
       [ 0.53283895],
       [62.47400714]]), array([[ 4.39707027],
       [ 0.42426376],
       [62.352534  ]]), array([[ 3.73254038],
       [ 0.22955149],
       [62.36452232]]))
